

[0,2,4,6,8,10]
N = 64
[SNRdb = 0	ber=0.18750000,fer=0.58823529
SNRdb = 2	ber=0.03335337,fer=0.12019231
SNRdb = 4	ber=0.00106573,fer=0.00419992
